DIM 2
MESH_TYPE GENERAL_MIXED
FIELDS displacement

# displacement nodes: node_id x y [z]
DISPLACEMENT_NODES
0 21.86416655687849 26.86852386497082
1 18.26452409928854 25.50578029798683
2 18.25805031304475 22.82028315258648
3 22.0744626747854 20.23492411855328
4 24.77443192154812 22.70989592808578
5 0 33.08748912104245
6 2.375958947243354 33.87496538767044
7 2.874736083051419 37.5258269430815
8 0 38.19736857465166
9 0 14.17681010118453
10 4.668805187826014 15.45717627156125
11 5.026884010899057 19.53813444659489
12 0 21.50430273512357
13 39.43177214623856 36.145791134052
14 36.35358280444951 39.00320316910615
15 33.2791696089209 36.20351137331158
16 35.76528130189039 32.78484119339953
17 29.08142076329846 53.69380692109949
18 30.67997841088437 51.11241990614818
19 34.50300908318493 52.21986568517701
20 34.31745964379773 55.43915321459923
21 44.1461279234638 58.71537597448794
22 45.91781374494017 54.56931070608887
23 48 54.52291743059344
24 48 60
25 7.88645609406087 7.229251419555787
26 6.885194581053538 8.364168356566438
27 0 9.422310379057425
28 0 0
29 32.0021528070407 36.30229918777641
30 29.86594183888645 32.69134001886589
31 32.42011552794731 29.7184392339517
32 6.766526436189608 13.99426091916074
33 40.18741910214768 50.81789977850791
34 43.47468994477052 47.28958693486901
35 46.18960772290953 48.86266691651687
36 43.78647036798034 53.05022019576373
37 43.11630507029734 53.0593133489831
38 14.9718970563321 20.35086562937355
39 13.76845356086428 20.62210607894367
40 10.88797697805828 18.81856914296598
41 10.63814015357315 15.56975823596372
42 13.99851301800683 12.83197026650626
43 17.5805060162622 16.11546384824035
44 5.356519869624807 32.73773876187766
45 6.203274602300651 35.87433519924981
46 4.007586067926177 38.03119411816486
47 12.47256208059389 35.81324740032284
48 15.40058669553026 33.65094771628928
49 17.94425661829325 35.55216923469657
50 17.48750833616822 38.71803289299935
51 13.85309531696295 38.5477607121049
52 8.812174424277002 39.26624301608383
53 4.78911312627643 40.02287520351146
54 9.050697424410512 36.85098095136462
55 10.46527929072842 41.70219451516636
56 5.898393515331098 43.6320507826975
57 4.51395949346532 41.00874736625819
58 30.31357044366936 48.53950341610107
59 33.99943085601213 47.38316868586148
60 35.80382614757982 50.83986472481314
61 46.09992827792554 42.25826758809839
62 42.99689737181785 45.7450580077731
63 39.54032849679324 44.31813443209496
64 39.45461810916942 42.42758542883964
65 42.97061334645672 39.38972890091865
66 11.20139369351391 25.65785672266848
67 10.37755617366097 28.20447974378111
68 5.632502259321244 28.88351203733356
69 5.006469015304638 25.45411417298823
70 7.287674967814801 23.03765958017811
71 28.21693771039158 38.46118277277164
72 25.02604763532121 41.01906582323809
73 22.5795583666018 38.53205025300857
74 22.90842596772121 35.38779933232743
75 25.93098817624134 34.52462617298842
76 29.0198052486869 44.4522261455355
77 29.23471637804229 47.77292414442058
78 26.15074552642312 48.80049069633314
79 23.93261539033008 46.96661262795697
80 24.93795259055306 42.76127614580163
81 48 48.71651158098075
82 36.34241261521386 39.86803716918668
83 48 44
84 17.17208587447868 49.72402862482623
85 17.82062117149585 46.45319216703529
86 19.35963883665289 45.57994979772439
87 21.95994165218462 47.59093031174525
88 20.83052208517737 50.94350736172579
89 25.29230906745769 52.43076968915256
90 0 42.36179495588892
91 5.475028004317442 45.82500933477248
92 0 44
93 0 24.10869263214928
94 5.276493211768064 29.50783250392127
95 0 29.42021583716875
96 11.11752737581745 41.99940760602752
97 11.86321327202418 41.89396856406519
98 14.3126096867926 43.50700125981374
99 14.7341089933981 45.158899807644
100 12.73554371794485 48.24518123931495
101 9.735956666846844 47.24531888894895
102 39.07746343736952 50.84049266775074
103 38.09300367065554 56.6976678902185
104 27.01967155419039 32.72265519045073
105 25.67647459916341 29.70220883188981
106 28.681410815927 26.29129324793308
107 40.55725370347643 57.51908456782546
108 38.29130578466188 45.50807256821918
109 39.16558845078271 50.78662477735676
110 34.79282042838787 45.73613988918328
111 11.3964911471518 30.27346247798233
112 10.0595413455819 32.85808880368032
113 5.690571892274249 32.11519663221104
114 10.843496723888 35.36456568718603
115 15.38450108770678 30.87800408076765
116 18.38366722922384 41.14869286240527
117 19.76150417922886 43.29245615775844
118 29.92200448027019 38.62157165471852
119 12.37850163910408 25.08375708020069
120 7.18758470122766 21.10909207042539
121 16.49022827525078 26.90261553072135
122 22.6579405826174 29.00915595587745
123 20.7434450319769 31.37633105487296
124 16.23230354809517 30.04846449046796
125 21.00892632440579 33.99861169222795
126 24.92590784877578 42.73884502306802
127 18.44318424048694 39.99853408779779
128 33.05531313399867 42.61438554140045
129 31.71652153641588 42.30796453389554

# mixed elements: elem_id field_node_ids | field_node_ids | ...
MIXED_ELEMENTS
0 0 1 2 3 4
1 5 6 7 8
2 9 10 11 12
3 13 14 15 16
4 17 18 19 20
5 21 22 23 24
6 25 26 27 28
7 16 15 29 30 31
8 27 26 32 10 9
9 33 34 35 36 37
10 38 39 40 41 42 43
11 44 45 46 7 6
12 47 48 49 50 51
13 52 53 46 45 54
14 55 56 57 53 52
15 58 59 60 19 18
16 61 62 63 64 65
17 66 67 68 69 70
18 71 72 73 74 75
19 76 77 78 79 80
20 23 22 36 35 81
21 65 64 82 14 13
22 81 35 34 62 61 83
23 84 85 86 87 88
24 88 87 79 78 89
25 90 57 56 91 92
26 93 69 68 94 95
27 96 97 98 99 100 101
28 20 19 60 102 103
29 31 30 104 105 106
30 100 99 85 84
31 107 37 36 22 21
32 108 109 102 60 59 110
33 103 102 109 33 37 107
34 91 56 55 96 101
35 67 111 112 113 94 68
36 47 114 112 111 115 48
37 116 117 86 85 99 98
38 118 71 75 104 30 29
39 119 66 70 120 40 39
40 121 119 39 38 2 1
41 0 122 123 124 121 1
42 115 124 123 125 49 48
43 126 117 116 127 73 72
44 8 7 46 53 57 90
45 89 78 77 58 18 17
46 32 41 40 120 11 10
47 125 74 73 127 50 49
48 126 80 79 87 86 117
49 114 54 45 44 113 112
50 63 108 110 128 82 64
51 12 11 120 70 69 93
52 95 94 113 44 6 5
53 97 51 50 127 116 98
54 108 63 62 34 33 109
55 42 41 32 26 25
56 3 2 38 43
57 129 118 29 15 14 82 128
58 76 129 128 110 59 58 77
59 122 105 104 75 74 125 123
60 124 115 111 67 66 119 121
61 106 105 122 0 4
62 129 76 80 126 72 71 118
63 97 96 55 52 54 114 47 51

# displacement boundaries
DISPLACEMENT_BOUNDARY_LEFT
6 28 27
8 27 9
2 9 12
51 12 93
26 93 95
52 95 5
1 5 8
44 8 90
25 90 92

DISPLACEMENT_BOUNDARY_RIGHT
22 83 81
20 81 23
5 23 24

