DIM 2
MESH_TYPE GENERAL_MIXED
FIELDS displacement

# displacement nodes: node_id x y [z]
DISPLACEMENT_NODES
0 2 2
1 2 0
2 3 0
3 3 3
4 0 3
5 0 2
6 2.75 0.25
7 2.5 0.25
8 2.25 0.25
9 2.75 0.5
10 2.5 0.5
11 2.25 0.5
12 2.75 0.75
13 2.5 0.75
14 2.25 0.75
15 2.75 1
16 2.5 1
17 2.25 1
18 2.75 1.25
19 2.5 1.25
20 2.25 1.25
21 2.75 1.5
22 2.5 1.5
23 2.25 1.5
24 2.75 1.75
25 2.5 1.75
26 2.25 1.75
27 0.25 2.75
28 0.5 2.75
29 0.75 2.75
30 1 2.75
31 1.25 2.75
32 1.5 2.75
33 1.75 2.75
34 2 2.75
35 2.25 2.75
36 2.5 2.75
37 2.75 2.75
38 0.25 2.5
39 0.5 2.5
40 0.75 2.5
41 1 2.5
42 1.25 2.5
43 1.5 2.5
44 1.75 2.5
45 2 2.5
46 2.25 2.5
47 2.5 2.5
48 2.75 2.5
49 0.25 2.25
50 0.5 2.25
51 0.75 2.25
52 1 2.25
53 1.25 2.25
54 1.5 2.25
55 1.75 2.25
56 2 2.25
57 2.25 2.25
58 2.5 2.25
59 2.75 2.25
60 2.75 2
61 2.5 2
62 2.25 2
63 0.25 2
64 0.5 2
65 0.75 2
66 1 2
67 1.25 2
68 1.5 2
69 1.75 2
70 0 2.75
71 0 2.5
72 0 2.25
73 0.25 3
74 0.5 3
75 0.75 3
76 1 3
77 1.25 3
78 1.5 3
79 1.75 3
80 2 3
81 2.25 3
82 2.5 3
83 2.75 3
84 3 2.75
85 3 2.5
86 3 2.25
87 3 2
88 3 1.75
89 3 1.5
90 3 1.25
91 3 1
92 3 0.75
93 3 0.5
94 3 0.25
95 2.25 2.77333911991762e-32
96 2.5 1.848892746611746e-32
97 2.75 9.244463733058732e-33
98 2 1.75
99 2 1.5
100 2 1.25
101 2 1
102 2 0.75
103 2 0.5
104 2 0.25
105 2 2.125
106 2.125 2
107 1.875 2
108 2 1.875
109 2.125 1.38666955995881e-32
110 2 0.125
111 3 0.125
112 2.875 4.622231866529366e-33
113 2.875 3
114 3 2.875
115 0 2.875
116 0.125 3
117 0.125 2
118 0 2.125
119 2.625 0.25
120 2.75 0.375
121 2.875 0.25
122 2.75 0.125
123 2.375 0.25
124 2.5 0.375
125 2.5 0.125
126 2.25 0.375
127 2.25 0.125
128 2.125 0.25
129 2.625 0.5
130 2.75 0.625
131 2.875 0.5
132 2.375 0.5
133 2.5 0.625
134 2.25 0.625
135 2.125 0.5
136 2.625 0.75
137 2.75 0.875
138 2.875 0.75
139 2.375 0.75
140 2.5 0.875
141 2.25 0.875
142 2.125 0.75
143 2.625 1
144 2.75 1.125
145 2.875 1
146 2.375 1
147 2.5 1.125
148 2.25 1.125
149 2.125 1
150 2.625 1.25
151 2.75 1.375
152 2.875 1.25
153 2.375 1.25
154 2.5 1.375
155 2.25 1.375
156 2.125 1.25
157 2.625 1.5
158 2.75 1.625
159 2.875 1.5
160 2.375 1.5
161 2.5 1.625
162 2.25 1.625
163 2.125 1.5
164 2.625 1.75
165 2.75 1.875
166 2.875 1.75
167 2.375 1.75
168 2.5 1.875
169 2.25 1.875
170 2.125 1.75
171 0.375 2.75
172 0.25 2.625
173 0.125 2.75
174 0.25 2.875
175 0.625 2.75
176 0.5 2.625
177 0.5 2.875
178 0.875 2.75
179 0.75 2.625
180 0.75 2.875
181 1.125 2.75
182 1 2.625
183 1 2.875
184 1.375 2.75
185 1.25 2.625
186 1.25 2.875
187 1.625 2.75
188 1.5 2.625
189 1.5 2.875
190 1.875 2.75
191 1.75 2.625
192 1.75 2.875
193 2.125 2.75
194 2 2.625
195 2 2.875
196 2.375 2.75
197 2.25 2.625
198 2.25 2.875
199 2.625 2.75
200 2.5 2.625
201 2.5 2.875
202 2.75 2.625
203 2.75 2.875
204 2.875 2.75
205 0.375 2.5
206 0.25 2.375
207 0.125 2.5
208 0.625 2.5
209 0.5 2.375
210 0.875 2.5
211 0.75 2.375
212 1.125 2.5
213 1 2.375
214 1.375 2.5
215 1.25 2.375
216 1.625 2.5
217 1.5 2.375
218 1.875 2.5
219 1.75 2.375
220 2.125 2.5
221 2 2.375
222 2.375 2.5
223 2.25 2.375
224 2.625 2.5
225 2.5 2.375
226 2.75 2.375
227 2.875 2.5
228 0.375 2.25
229 0.25 2.125
230 0.125 2.25
231 0.625 2.25
232 0.5 2.125
233 0.875 2.25
234 0.75 2.125
235 1.125 2.25
236 1 2.125
237 1.375 2.25
238 1.25 2.125
239 1.625 2.25
240 1.5 2.125
241 1.875 2.25
242 1.75 2.125
243 2.125 2.25
244 2.375 2.25
245 2.25 2.125
246 2.625 2.25
247 2.5 2.125
248 2.75 2.125
249 2.875 2.25
250 2.625 2
251 2.875 2
252 2.375 2
253 0.375 2
254 0.625 2
255 0.875 2
256 1.125 2
257 1.375 2
258 1.625 2
259 0 2.625
260 0 2.375
261 0.375 3
262 0.625 3
263 0.875 3
264 1.125 3
265 1.375 3
266 1.625 3
267 1.875 3
268 2.125 3
269 2.375 3
270 2.625 3
271 3 2.625
272 3 2.375
273 3 2.125
274 3 1.875
275 3 1.625
276 3 1.375
277 3 1.125
278 3 0.875
279 3 0.625
280 3 0.375
281 2.375 2.311115933264683e-32
282 2.625 1.38666955995881e-32
283 2 1.625
284 2 1.375
285 2 1.125
286 2 0.875
287 2 0.625
288 2 0.375
289 2.875 0.125
290 2.875 0.375
291 2.875 0.625
292 2.875 0.875
293 2.875 1.125
294 2.875 1.375
295 2.875 1.625
296 2.875 1.875
297 2.625 0.125
298 2.625 0.375
299 2.625 0.625
300 2.625 0.875
301 2.625 1.125
302 2.625 1.375
303 2.625 1.625
304 2.625 1.875
305 2.375 0.125
306 2.375 0.375
307 2.375 0.625
308 2.375 0.875
309 2.375 1.125
310 2.375 1.375
311 2.375 1.625
312 2.375 1.875
313 2.125 0.125
314 2.125 0.375
315 2.125 0.625
316 2.125 0.875
317 2.125 1.125
318 2.125 1.375
319 2.125 1.625
320 2.125 1.875
321 0.125 2.875
322 0.125 2.625
323 0.125 2.375
324 0.125 2.125
325 0.375 2.875
326 0.375 2.625
327 0.375 2.375
328 0.375 2.125
329 0.625 2.875
330 0.625 2.625
331 0.625 2.375
332 0.625 2.125
333 0.875 2.875
334 0.875 2.625
335 0.875 2.375
336 0.875 2.125
337 1.125 2.875
338 1.125 2.625
339 1.125 2.375
340 1.125 2.125
341 1.375 2.875
342 1.375 2.625
343 1.375 2.375
344 1.375 2.125
345 1.625 2.875
346 1.625 2.625
347 1.625 2.375
348 1.625 2.125
349 1.875 2.875
350 1.875 2.625
351 1.875 2.375
352 1.875 2.125
353 2.125 2.875
354 2.125 2.625
355 2.125 2.375
356 2.125 2.125
357 2.375 2.875
358 2.375 2.625
359 2.375 2.375
360 2.375 2.125
361 2.625 2.875
362 2.625 2.625
363 2.625 2.375
364 2.625 2.125
365 2.875 2.875
366 2.875 2.625
367 2.875 2.375
368 2.875 2.125

# mixed elements: elem_id field_node_ids | field_node_ids | ...
MIXED_ELEMENTS
0 94 6 97 2 121 122 112 111 289
1 93 9 6 94 131 120 121 280 290
2 92 12 9 93 138 130 131 279 291
3 91 15 12 92 145 137 138 278 292
4 90 18 15 91 152 144 145 277 293
5 89 21 18 90 159 151 152 276 294
6 88 24 21 89 166 158 159 275 295
7 87 60 24 88 251 165 166 274 296
8 6 7 96 97 119 125 282 122 297
9 9 10 7 6 129 124 119 120 298
10 12 13 10 9 136 133 129 130 299
11 15 16 13 12 143 140 136 137 300
12 18 19 16 15 150 147 143 144 301
13 21 22 19 18 157 154 150 151 302
14 24 25 22 21 164 161 157 158 303
15 60 61 25 24 250 168 164 165 304
16 7 8 95 96 123 127 281 125 305
17 10 11 8 7 132 126 123 124 306
18 13 14 11 10 139 134 132 133 307
19 16 17 14 13 146 141 139 140 308
20 19 20 17 16 153 148 146 147 309
21 22 23 20 19 160 155 153 154 310
22 25 26 23 22 167 162 160 161 311
23 61 62 26 25 252 169 167 168 312
24 8 104 1 95 128 110 109 127 313
25 11 103 104 8 135 288 128 126 314
26 14 102 103 11 142 287 135 134 315
27 17 101 102 14 149 286 142 141 316
28 20 100 101 17 156 285 149 148 317
29 23 99 100 20 163 284 156 155 318
30 26 98 99 23 170 283 163 162 319
31 62 0 98 26 106 108 170 169 320
32 70 27 73 4 173 174 116 115 321
33 71 38 27 70 207 172 173 259 322
34 72 49 38 71 230 206 207 260 323
35 5 63 49 72 117 229 230 118 324
36 27 28 74 73 171 177 261 174 325
37 38 39 28 27 205 176 171 172 326
38 49 50 39 38 228 209 205 206 327
39 63 64 50 49 253 232 228 229 328
40 28 29 75 74 175 180 262 177 329
41 39 40 29 28 208 179 175 176 330
42 50 51 40 39 231 211 208 209 331
43 64 65 51 50 254 234 231 232 332
44 29 30 76 75 178 183 263 180 333
45 40 41 30 29 210 182 178 179 334
46 51 52 41 40 233 213 210 211 335
47 65 66 52 51 255 236 233 234 336
48 30 31 77 76 181 186 264 183 337
49 41 42 31 30 212 185 181 182 338
50 52 53 42 41 235 215 212 213 339
51 66 67 53 52 256 238 235 236 340
52 31 32 78 77 184 189 265 186 341
53 42 43 32 31 214 188 184 185 342
54 53 54 43 42 237 217 214 215 343
55 67 68 54 53 257 240 237 238 344
56 32 33 79 78 187 192 266 189 345
57 43 44 33 32 216 191 187 188 346
58 54 55 44 43 239 219 216 217 347
59 68 69 55 54 258 242 239 240 348
60 33 34 80 79 190 195 267 192 349
61 44 45 34 33 218 194 190 191 350
62 55 56 45 44 241 221 218 219 351
63 69 0 56 55 107 105 241 242 352
64 34 35 81 80 193 198 268 195 353
65 45 46 35 34 220 197 193 194 354
66 56 57 46 45 243 223 220 221 355
67 0 62 57 56 106 245 243 105 356
68 35 36 82 81 196 201 269 198 357
69 46 47 36 35 222 200 196 197 358
70 57 58 47 46 244 225 222 223 359
71 62 61 58 57 252 247 244 245 360
72 36 37 83 82 199 203 270 201 361
73 47 48 37 36 224 202 199 200 362
74 58 59 48 47 246 226 224 225 363
75 61 60 59 58 250 248 246 247 364
76 37 84 3 83 204 114 113 203 365
77 48 85 84 37 227 271 204 202 366
78 59 86 85 48 249 272 227 226 367
79 60 87 86 59 251 273 249 248 368

# displacement boundaries
DISPLACEMENT_BOUNDARY_TOP
32 73 4 116
36 74 73 261
40 75 74 262
44 76 75 263
48 77 76 264
52 78 77 265
56 79 78 266
60 80 79 267
64 81 80 268
68 82 81 269
72 83 82 270
76 3 83 113

DISPLACEMENT_BOUNDARY_BOTTOM
0 97 2 112
8 96 97 282
16 95 96 281
24 1 95 109

DISPLACEMENT_BOUNDARY_RIGHT
0 2 94 111
1 94 93 280
2 93 92 279
3 92 91 278
4 91 90 277
5 90 89 276
6 89 88 275
7 88 87 274
76 84 3 114
77 85 84 271
78 86 85 272
79 87 86 273

DISPLACEMENT_BOUNDARY_LEFT
32 4 70 115
33 70 71 259
34 71 72 260
35 72 5 118

