DIM 2
MESH_TYPE GENERAL_MIXED
FIELDS displacement

# displacement nodes: node_id x y [z]
DISPLACEMENT_NODES
0 48 44
1 0 0
2 48 60
3 0 44
4 45 57.890625
5 45 56.78125
6 45 55.671875
7 45 54.5625
8 45 53.453125
9 45 52.34375
10 45 51.234375
11 45 50.125
12 45 49.015625
13 45 47.90625
14 45 46.796875
15 45 45.6875
16 45 44.578125
17 45 43.46875
18 45 42.359375
19 42 56.78125
20 42 55.5625
21 42 54.34375
22 42 53.125
23 42 51.90625
24 42 50.6875
25 42 49.46875
26 42 48.25
27 42 47.03125
28 42 45.8125
29 42 44.59375
30 42 43.375
31 42 42.15625
32 42 40.9375
33 42 39.71875
34 39 55.671875
35 39 54.34375
36 39 53.015625
37 39 51.6875
38 39 50.359375
39 39 49.03125
40 39 47.703125
41 39 46.375
42 39 45.046875
43 39 43.71875
44 39 42.390625
45 39 41.0625
46 39 39.734375
47 39 38.40625
48 39 37.078125
49 36 54.5625
50 36 53.125
51 36 51.6875
52 36 50.25
53 36 48.8125
54 36 47.375
55 36 45.9375
56 36 44.5
57 36 43.0625
58 36 41.625
59 36 40.1875
60 36 38.75
61 36 37.3125
62 36 35.875
63 36 34.4375
64 33 53.453125
65 33 51.90625
66 33 50.359375
67 33 48.8125
68 33 47.265625
69 33 45.71875
70 33 44.171875
71 33 42.625
72 33 41.078125
73 33 39.53125
74 33 37.984375
75 33 36.4375
76 33 34.890625
77 33 33.34375
78 33 31.796875
79 30 52.34375
80 30 50.6875
81 30 49.03125
82 30 47.375
83 30 45.71875
84 30 44.0625
85 30 42.40625
86 30 40.75
87 30 39.09375
88 30 37.4375
89 30 35.78125
90 30 34.125
91 30 32.46875
92 30 30.8125
93 30 29.15625
94 27 51.234375
95 27 49.46875
96 27 47.703125
97 27 45.9375
98 27 44.171875
99 27 42.40625
100 27 40.640625
101 27 38.875
102 27 37.109375
103 27 35.34375
104 27 33.578125
105 27 31.8125
106 27 30.046875
107 27 28.28125
108 27 26.515625
109 24 50.125
110 24 48.25
111 24 46.375
112 24 44.5
113 24 42.625
114 24 40.75
115 24 38.875
116 24 37
117 24 35.125
118 24 33.25
119 24 31.375
120 24 29.5
121 24 27.625
122 24 25.75
123 24 23.875
124 21 49.015625
125 21 47.03125
126 21 45.046875
127 21 43.0625
128 21 41.078125
129 21 39.09375
130 21 37.109375
131 21 35.125
132 21 33.140625
133 21 31.15625
134 21 29.171875
135 21 27.1875
136 21 25.203125
137 21 23.21875
138 21 21.234375
139 18 47.90625
140 18 45.8125
141 18 43.71875
142 18 41.625
143 18 39.53125
144 18 37.4375
145 18 35.34375
146 18 33.25
147 18 31.15625
148 18 29.0625
149 18 26.96875
150 18 24.875
151 18 22.78125
152 18 20.6875
153 18 18.59375
154 15 46.796875
155 15 44.59375
156 15 42.390625
157 15 40.1875
158 15 37.984375
159 15 35.78125
160 15 33.578125
161 15 31.375
162 15 29.171875
163 15 26.96875
164 15 24.765625
165 15 22.5625
166 15 20.359375
167 15 18.15625
168 15 15.953125
169 12 45.6875
170 12 43.375
171 12 41.0625
172 12 38.75
173 12 36.4375
174 12 34.125
175 12 31.8125
176 12 29.5
177 12 27.1875
178 12 24.875
179 12 22.5625
180 12 20.25
181 12 17.9375
182 12 15.625
183 12 13.3125
184 9 44.578125
185 9 42.15625
186 9 39.734375
187 9 37.3125
188 9 34.890625
189 9 32.46875
190 9 30.046875
191 9 27.625
192 9 25.203125
193 9 22.78125
194 9 20.359375
195 9 17.9375
196 9 15.515625
197 9 13.09375
198 9 10.671875
199 6 43.46875
200 6 40.9375
201 6 38.40625
202 6 35.875
203 6 33.34375
204 6 30.8125
205 6 28.28125
206 6 25.75
207 6 23.21875
208 6 20.6875
209 6 18.15625
210 6 15.625
211 6 13.09375
212 6 10.5625
213 6 8.03125
214 3 42.359375
215 3 39.71875
216 3 37.078125
217 3 34.4375
218 3 31.796875
219 3 29.15625
220 3 26.515625
221 3 23.875
222 3 21.234375
223 3 18.59375
224 3 15.953125
225 3 13.3125
226 3 10.671875
227 3 8.03125
228 3 5.390625
229 0 2.75
230 0 5.5
231 0 8.25
232 0 11
233 0 13.75
234 0 16.5
235 0 19.25
236 0 22
237 0 24.75
238 0 27.5
239 0 30.25
240 0 33
241 0 35.75
242 0 38.5
243 0 41.25
244 3 45
245 6 46
246 9 47
247 12 48
248 15 49
249 18 50
250 21 51
251 24 52
252 27 53
253 30 54
254 33 55
255 36 56
256 39 57
257 42 58
258 45 59
259 48 59
260 48 58
261 48 57
262 48 56
263 48 55
264 48 54
265 48 53
266 48 52
267 48 51
268 48 50
269 48 49
270 48 48
271 48 47
272 48 46
273 48 45
274 45 41.25
275 42 38.5
276 39 35.75
277 36 33
278 33 30.25
279 30 27.5
280 27 24.75
281 24 22
282 21 19.25
283 18 16.5
284 15 13.75
285 12 11
286 9 8.25
287 6 5.5
288 3 2.75
289 48 44.5
290 46.5 42.625
291 0 1.375
292 1.5 1.375
293 46.5 59.5
294 48 59.5
295 0 42.625
296 1.5 44.5
297 45 57.3359375
298 43.5 57.3359375
299 45 58.4453125
300 46.5 58.4453125
301 45 56.2265625
302 43.5 56.171875
303 46.5 57.390625
304 45 55.1171875
305 43.5 55.0078125
306 46.5 56.3359375
307 45 54.0078125
308 43.5 53.84375
309 46.5 55.28125
310 45 52.8984375
311 43.5 52.6796875
312 46.5 54.2265625
313 45 51.7890625
314 43.5 51.515625
315 46.5 53.171875
316 45 50.6796875
317 43.5 50.3515625
318 46.5 52.1171875
319 45 49.5703125
320 43.5 49.1875
321 46.5 51.0625
322 45 48.4609375
323 43.5 48.0234375
324 46.5 50.0078125
325 45 47.3515625
326 43.5 46.859375
327 46.5 48.953125
328 45 46.2421875
329 43.5 45.6953125
330 46.5 47.8984375
331 45 45.1328125
332 43.5 44.53125
333 46.5 46.84375
334 45 44.0234375
335 43.5 43.3671875
336 46.5 45.7890625
337 45 42.9140625
338 43.5 42.203125
339 46.5 44.734375
340 43.5 41.0390625
341 46.5 43.6796875
342 45 41.8046875
343 42 56.171875
344 40.5 56.2265625
345 42 57.390625
346 42 54.953125
347 40.5 54.953125
348 42 53.734375
349 40.5 53.6796875
350 42 52.515625
351 40.5 52.40625
352 42 51.296875
353 40.5 51.1328125
354 42 50.078125
355 40.5 49.859375
356 42 48.859375
357 40.5 48.5859375
358 42 47.640625
359 40.5 47.3125
360 42 46.421875
361 40.5 46.0390625
362 42 45.203125
363 40.5 44.765625
364 42 43.984375
365 40.5 43.4921875
366 42 42.765625
367 40.5 42.21875
368 42 41.546875
369 40.5 40.9453125
370 42 40.328125
371 40.5 39.671875
372 40.5 38.3984375
373 42 39.109375
374 39 55.0078125
375 37.5 55.1171875
376 39 56.3359375
377 39 53.6796875
378 37.5 53.734375
379 39 52.3515625
380 37.5 52.3515625
381 39 51.0234375
382 37.5 50.96875
383 39 49.6953125
384 37.5 49.5859375
385 39 48.3671875
386 37.5 48.203125
387 39 47.0390625
388 37.5 46.8203125
389 39 45.7109375
390 37.5 45.4375
391 39 44.3828125
392 37.5 44.0546875
393 39 43.0546875
394 37.5 42.671875
395 39 41.7265625
396 37.5 41.2890625
397 39 40.3984375
398 37.5 39.90625
399 39 39.0703125
400 37.5 38.5234375
401 39 37.7421875
402 37.5 37.140625
403 37.5 35.7578125
404 39 36.4140625
405 36 53.84375
406 34.5 54.0078125
407 36 55.28125
408 36 52.40625
409 34.5 52.515625
410 36 50.96875
411 34.5 51.0234375
412 36 49.53125
413 34.5 49.53125
414 36 48.09375
415 34.5 48.0390625
416 36 46.65625
417 34.5 46.546875
418 36 45.21875
419 34.5 45.0546875
420 36 43.78125
421 34.5 43.5625
422 36 42.34375
423 34.5 42.0703125
424 36 40.90625
425 34.5 40.578125
426 36 39.46875
427 34.5 39.0859375
428 36 38.03125
429 34.5 37.59375
430 36 36.59375
431 34.5 36.1015625
432 36 35.15625
433 34.5 34.609375
434 34.5 33.1171875
435 36 33.71875
436 33 52.6796875
437 31.5 52.8984375
438 33 54.2265625
439 33 51.1328125
440 31.5 51.296875
441 33 49.5859375
442 31.5 49.6953125
443 33 48.0390625
444 31.5 48.09375
445 33 46.4921875
446 31.5 46.4921875
447 33 44.9453125
448 31.5 44.890625
449 33 43.3984375
450 31.5 43.2890625
451 33 41.8515625
452 31.5 41.6875
453 33 40.3046875
454 31.5 40.0859375
455 33 38.7578125
456 31.5 38.484375
457 33 37.2109375
458 31.5 36.8828125
459 33 35.6640625
460 31.5 35.28125
461 33 34.1171875
462 31.5 33.6796875
463 33 32.5703125
464 31.5 32.078125
465 31.5 30.4765625
466 33 31.0234375
467 30 51.515625
468 28.5 51.7890625
469 30 53.171875
470 30 49.859375
471 28.5 50.078125
472 30 48.203125
473 28.5 48.3671875
474 30 46.546875
475 28.5 46.65625
476 30 44.890625
477 28.5 44.9453125
478 30 43.234375
479 28.5 43.234375
480 30 41.578125
481 28.5 41.5234375
482 30 39.921875
483 28.5 39.8125
484 30 38.265625
485 28.5 38.1015625
486 30 36.609375
487 28.5 36.390625
488 30 34.953125
489 28.5 34.6796875
490 30 33.296875
491 28.5 32.96875
492 30 31.640625
493 28.5 31.2578125
494 30 29.984375
495 28.5 29.546875
496 28.5 27.8359375
497 30 28.328125
498 27 50.3515625
499 25.5 50.6796875
500 27 52.1171875
501 27 48.5859375
502 25.5 48.859375
503 27 46.8203125
504 25.5 47.0390625
505 27 45.0546875
506 25.5 45.21875
507 27 43.2890625
508 25.5 43.3984375
509 27 41.5234375
510 25.5 41.578125
511 27 39.7578125
512 25.5 39.7578125
513 27 37.9921875
514 25.5 37.9375
515 27 36.2265625
516 25.5 36.1171875
517 27 34.4609375
518 25.5 34.296875
519 27 32.6953125
520 25.5 32.4765625
521 27 30.9296875
522 25.5 30.65625
523 27 29.1640625
524 25.5 28.8359375
525 27 27.3984375
526 25.5 27.015625
527 25.5 25.1953125
528 27 25.6328125
529 24 49.1875
530 22.5 49.5703125
531 24 51.0625
532 24 47.3125
533 22.5 47.640625
534 24 45.4375
535 22.5 45.7109375
536 24 43.5625
537 22.5 43.78125
538 24 41.6875
539 22.5 41.8515625
540 24 39.8125
541 22.5 39.921875
542 24 37.9375
543 22.5 37.9921875
544 24 36.0625
545 22.5 36.0625
546 24 34.1875
547 22.5 34.1328125
548 24 32.3125
549 22.5 32.203125
550 24 30.4375
551 22.5 30.2734375
552 24 28.5625
553 22.5 28.34375
554 24 26.6875
555 22.5 26.4140625
556 24 24.8125
557 22.5 24.484375
558 22.5 22.5546875
559 24 22.9375
560 21 48.0234375
561 19.5 48.4609375
562 21 50.0078125
563 21 46.0390625
564 19.5 46.421875
565 21 44.0546875
566 19.5 44.3828125
567 21 42.0703125
568 19.5 42.34375
569 21 40.0859375
570 19.5 40.3046875
571 21 38.1015625
572 19.5 38.265625
573 21 36.1171875
574 19.5 36.2265625
575 21 34.1328125
576 19.5 34.1875
577 21 32.1484375
578 19.5 32.1484375
579 21 30.1640625
580 19.5 30.109375
581 21 28.1796875
582 19.5 28.0703125
583 21 26.1953125
584 19.5 26.03125
585 21 24.2109375
586 19.5 23.9921875
587 21 22.2265625
588 19.5 21.953125
589 19.5 19.9140625
590 21 20.2421875
591 18 46.859375
592 16.5 47.3515625
593 18 48.953125
594 18 44.765625
595 16.5 45.203125
596 18 42.671875
597 16.5 43.0546875
598 18 40.578125
599 16.5 40.90625
600 18 38.484375
601 16.5 38.7578125
602 18 36.390625
603 16.5 36.609375
604 18 34.296875
605 16.5 34.4609375
606 18 32.203125
607 16.5 32.3125
608 18 30.109375
609 16.5 30.1640625
610 18 28.015625
611 16.5 28.015625
612 18 25.921875
613 16.5 25.8671875
614 18 23.828125
615 16.5 23.71875
616 18 21.734375
617 16.5 21.5703125
618 18 19.640625
619 16.5 19.421875
620 16.5 17.2734375
621 18 17.546875
622 15 45.6953125
623 13.5 46.2421875
624 15 47.8984375
625 15 43.4921875
626 13.5 43.984375
627 15 41.2890625
628 13.5 41.7265625
629 15 39.0859375
630 13.5 39.46875
631 15 36.8828125
632 13.5 37.2109375
633 15 34.6796875
634 13.5 34.953125
635 15 32.4765625
636 13.5 32.6953125
637 15 30.2734375
638 13.5 30.4375
639 15 28.0703125
640 13.5 28.1796875
641 15 25.8671875
642 13.5 25.921875
643 15 23.6640625
644 13.5 23.6640625
645 15 21.4609375
646 13.5 21.40625
647 15 19.2578125
648 13.5 19.1484375
649 15 17.0546875
650 13.5 16.890625
651 13.5 14.6328125
652 15 14.8515625
653 12 44.53125
654 10.5 45.1328125
655 12 46.84375
656 12 42.21875
657 10.5 42.765625
658 12 39.90625
659 10.5 40.3984375
660 12 37.59375
661 10.5 38.03125
662 12 35.28125
663 10.5 35.6640625
664 12 32.96875
665 10.5 33.296875
666 12 30.65625
667 10.5 30.9296875
668 12 28.34375
669 10.5 28.5625
670 12 26.03125
671 10.5 26.1953125
672 12 23.71875
673 10.5 23.828125
674 12 21.40625
675 10.5 21.4609375
676 12 19.09375
677 10.5 19.09375
678 12 16.78125
679 10.5 16.7265625
680 12 14.46875
681 10.5 14.359375
682 10.5 11.9921875
683 12 12.15625
684 9 43.3671875
685 7.5 44.0234375
686 9 45.7890625
687 9 40.9453125
688 7.5 41.546875
689 9 38.5234375
690 7.5 39.0703125
691 9 36.1015625
692 7.5 36.59375
693 9 33.6796875
694 7.5 34.1171875
695 9 31.2578125
696 7.5 31.640625
697 9 28.8359375
698 7.5 29.1640625
699 9 26.4140625
700 7.5 26.6875
701 9 23.9921875
702 7.5 24.2109375
703 9 21.5703125
704 7.5 21.734375
705 9 19.1484375
706 7.5 19.2578125
707 9 16.7265625
708 7.5 16.78125
709 9 14.3046875
710 7.5 14.3046875
711 9 11.8828125
712 7.5 11.828125
713 7.5 9.3515625
714 9 9.4609375
715 6 42.203125
716 4.5 42.9140625
717 6 44.734375
718 6 39.671875
719 4.5 40.328125
720 6 37.140625
721 4.5 37.7421875
722 6 34.609375
723 4.5 35.15625
724 6 32.078125
725 4.5 32.5703125
726 6 29.546875
727 4.5 29.984375
728 6 27.015625
729 4.5 27.3984375
730 6 24.484375
731 4.5 24.8125
732 6 21.953125
733 4.5 22.2265625
734 6 19.421875
735 4.5 19.640625
736 6 16.890625
737 4.5 17.0546875
738 6 14.359375
739 4.5 14.46875
740 6 11.828125
741 4.5 11.8828125
742 6 9.296875
743 4.5 9.296875
744 4.5 6.7109375
745 6 6.765625
746 3 41.0390625
747 1.5 41.8046875
748 3 43.6796875
749 3 38.3984375
750 1.5 39.109375
751 3 35.7578125
752 1.5 36.4140625
753 3 33.1171875
754 1.5 33.71875
755 3 30.4765625
756 1.5 31.0234375
757 3 27.8359375
758 1.5 28.328125
759 3 25.1953125
760 1.5 25.6328125
761 3 22.5546875
762 1.5 22.9375
763 3 19.9140625
764 1.5 20.2421875
765 3 17.2734375
766 1.5 17.546875
767 3 14.6328125
768 1.5 14.8515625
769 3 11.9921875
770 1.5 12.15625
771 3 9.3515625
772 1.5 9.4609375
773 3 6.7109375
774 1.5 6.765625
775 1.5 4.0703125
776 3 4.0703125
777 0 4.125
778 0 6.875
779 0 9.625
780 0 12.375
781 0 15.125
782 0 17.875
783 0 20.625
784 0 23.375
785 0 26.125
786 0 28.875
787 0 31.625
788 0 34.375
789 0 37.125
790 0 39.875
791 4.5 45.5
792 7.5 46.5
793 10.5 47.5
794 13.5 48.5
795 16.5 49.5
796 19.5 50.5
797 22.5 51.5
798 25.5 52.5
799 28.5 53.5
800 31.5 54.5
801 34.5 55.5
802 37.5 56.5
803 40.5 57.5
804 43.5 58.5
805 48 58.5
806 48 57.5
807 48 56.5
808 48 55.5
809 48 54.5
810 48 53.5
811 48 52.5
812 48 51.5
813 48 50.5
814 48 49.5
815 48 48.5
816 48 47.5
817 48 46.5
818 48 45.5
819 43.5 39.875
820 40.5 37.125
821 37.5 34.375
822 34.5 31.625
823 31.5 28.875
824 28.5 26.125
825 25.5 23.375
826 22.5 20.625
827 19.5 17.875
828 16.5 15.125
829 13.5 12.375
830 10.5 9.625
831 7.5 6.875
832 4.5 4.125
833 46.5 58.97265625
834 43.5 57.91796875
835 40.5 56.86328125
836 37.5 55.80859375
837 34.5 54.75390625
838 31.5 53.69921875
839 28.5 52.64453125
840 25.5 51.58984375
841 22.5 50.53515625
842 19.5 49.48046875
843 16.5 48.42578125
844 13.5 47.37109375
845 10.5 46.31640625
846 7.5 45.26171875
847 4.5 44.20703125
848 1.5 43.15234375
849 46.5 57.91796875
850 43.5 56.75390625
851 40.5 55.58984375
852 37.5 54.42578125
853 34.5 53.26171875
854 31.5 52.09765625
855 28.5 50.93359375
856 25.5 49.76953125
857 22.5 48.60546875
858 19.5 47.44140625
859 16.5 46.27734375
860 13.5 45.11328125
861 10.5 43.94921875
862 7.5 42.78515625
863 4.5 41.62109375
864 1.5 40.45703125
865 46.5 56.86328125
866 43.5 55.58984375
867 40.5 54.31640625
868 37.5 53.04296875
869 34.5 51.76953125
870 31.5 50.49609375
871 28.5 49.22265625
872 25.5 47.94921875
873 22.5 46.67578125
874 19.5 45.40234375
875 16.5 44.12890625
876 13.5 42.85546875
877 10.5 41.58203125
878 7.5 40.30859375
879 4.5 39.03515625
880 1.5 37.76171875
881 46.5 55.80859375
882 43.5 54.42578125
883 40.5 53.04296875
884 37.5 51.66015625
885 34.5 50.27734375
886 31.5 48.89453125
887 28.5 47.51171875
888 25.5 46.12890625
889 22.5 44.74609375
890 19.5 43.36328125
891 16.5 41.98046875
892 13.5 40.59765625
893 10.5 39.21484375
894 7.5 37.83203125
895 4.5 36.44921875
896 1.5 35.06640625
897 46.5 54.75390625
898 43.5 53.26171875
899 40.5 51.76953125
900 37.5 50.27734375
901 34.5 48.78515625
902 31.5 47.29296875
903 28.5 45.80078125
904 25.5 44.30859375
905 22.5 42.81640625
906 19.5 41.32421875
907 16.5 39.83203125
908 13.5 38.33984375
909 10.5 36.84765625
910 7.5 35.35546875
911 4.5 33.86328125
912 1.5 32.37109375
913 46.5 53.69921875
914 43.5 52.09765625
915 40.5 50.49609375
916 37.5 48.89453125
917 34.5 47.29296875
918 31.5 45.69140625
919 28.5 44.08984375
920 25.5 42.48828125
921 22.5 40.88671875
922 19.5 39.28515625
923 16.5 37.68359375
924 13.5 36.08203125
925 10.5 34.48046875
926 7.5 32.87890625
927 4.5 31.27734375
928 1.5 29.67578125
929 46.5 52.64453125
930 43.5 50.93359375
931 40.5 49.22265625
932 37.5 47.51171875
933 34.5 45.80078125
934 31.5 44.08984375
935 28.5 42.37890625
936 25.5 40.66796875
937 22.5 38.95703125
938 19.5 37.24609375
939 16.5 35.53515625
940 13.5 33.82421875
941 10.5 32.11328125
942 7.5 30.40234375
943 4.5 28.69140625
944 1.5 26.98046875
945 46.5 51.58984375
946 43.5 49.76953125
947 40.5 47.94921875
948 37.5 46.12890625
949 34.5 44.30859375
950 31.5 42.48828125
951 28.5 40.66796875
952 25.5 38.84765625
953 22.5 37.02734375
954 19.5 35.20703125
955 16.5 33.38671875
956 13.5 31.56640625
957 10.5 29.74609375
958 7.5 27.92578125
959 4.5 26.10546875
960 1.5 24.28515625
961 46.5 50.53515625
962 43.5 48.60546875
963 40.5 46.67578125
964 37.5 44.74609375
965 34.5 42.81640625
966 31.5 40.88671875
967 28.5 38.95703125
968 25.5 37.02734375
969 22.5 35.09765625
970 19.5 33.16796875
971 16.5 31.23828125
972 13.5 29.30859375
973 10.5 27.37890625
974 7.5 25.44921875
975 4.5 23.51953125
976 1.5 21.58984375
977 46.5 49.48046875
978 43.5 47.44140625
979 40.5 45.40234375
980 37.5 43.36328125
981 34.5 41.32421875
982 31.5 39.28515625
983 28.5 37.24609375
984 25.5 35.20703125
985 22.5 33.16796875
986 19.5 31.12890625
987 16.5 29.08984375
988 13.5 27.05078125
989 10.5 25.01171875
990 7.5 22.97265625
991 4.5 20.93359375
992 1.5 18.89453125
993 46.5 48.42578125
994 43.5 46.27734375
995 40.5 44.12890625
996 37.5 41.98046875
997 34.5 39.83203125
998 31.5 37.68359375
999 28.5 35.53515625
1000 25.5 33.38671875
1001 22.5 31.23828125
1002 19.5 29.08984375
1003 16.5 26.94140625
1004 13.5 24.79296875
1005 10.5 22.64453125
1006 7.5 20.49609375
1007 4.5 18.34765625
1008 1.5 16.19921875
1009 46.5 47.37109375
1010 43.5 45.11328125
1011 40.5 42.85546875
1012 37.5 40.59765625
1013 34.5 38.33984375
1014 31.5 36.08203125
1015 28.5 33.82421875
1016 25.5 31.56640625
1017 22.5 29.30859375
1018 19.5 27.05078125
1019 16.5 24.79296875
1020 13.5 22.53515625
1021 10.5 20.27734375
1022 7.5 18.01953125
1023 4.5 15.76171875
1024 1.5 13.50390625
1025 46.5 46.31640625
1026 43.5 43.94921875
1027 40.5 41.58203125
1028 37.5 39.21484375
1029 34.5 36.84765625
1030 31.5 34.48046875
1031 28.5 32.11328125
1032 25.5 29.74609375
1033 22.5 27.37890625
1034 19.5 25.01171875
1035 16.5 22.64453125
1036 13.5 20.27734375
1037 10.5 17.91015625
1038 7.5 15.54296875
1039 4.5 13.17578125
1040 1.5 10.80859375
1041 46.5 45.26171875
1042 43.5 42.78515625
1043 40.5 40.30859375
1044 37.5 37.83203125
1045 34.5 35.35546875
1046 31.5 32.87890625
1047 28.5 30.40234375
1048 25.5 27.92578125
1049 22.5 25.44921875
1050 19.5 22.97265625
1051 16.5 20.49609375
1052 13.5 18.01953125
1053 10.5 15.54296875
1054 7.5 13.06640625
1055 4.5 10.58984375
1056 1.5 8.11328125
1057 46.5 44.20703125
1058 43.5 41.62109375
1059 40.5 39.03515625
1060 37.5 36.44921875
1061 34.5 33.86328125
1062 31.5 31.27734375
1063 28.5 28.69140625
1064 25.5 26.10546875
1065 22.5 23.51953125
1066 19.5 20.93359375
1067 16.5 18.34765625
1068 13.5 15.76171875
1069 10.5 13.17578125
1070 7.5 10.58984375
1071 4.5 8.00390625
1072 1.5 5.41796875
1073 46.5 43.15234375
1074 43.5 40.45703125
1075 40.5 37.76171875
1076 37.5 35.06640625
1077 34.5 32.37109375
1078 31.5 29.67578125
1079 28.5 26.98046875
1080 25.5 24.28515625
1081 22.5 21.58984375
1082 19.5 18.89453125
1083 16.5 16.19921875
1084 13.5 13.50390625
1085 10.5 10.80859375
1086 7.5 8.11328125
1087 4.5 5.41796875
1088 1.5 2.72265625

# mixed elements: elem_id field_node_ids | field_node_ids | ...
MIXED_ELEMENTS
0 258 4 259 2 299 300 294 293 833
1 257 19 4 258 345 298 299 804 834
2 256 34 19 257 376 344 345 803 835
3 255 49 34 256 407 375 376 802 836
4 254 64 49 255 438 406 407 801 837
5 253 79 64 254 469 437 438 800 838
6 252 94 79 253 500 468 469 799 839
7 251 109 94 252 531 499 500 798 840
8 250 124 109 251 562 530 531 797 841
9 249 139 124 250 593 561 562 796 842
10 248 154 139 249 624 592 593 795 843
11 247 169 154 248 655 623 624 794 844
12 246 184 169 247 686 654 655 793 845
13 245 199 184 246 717 685 686 792 846
14 244 214 199 245 748 716 717 791 847
15 3 243 214 244 295 747 748 296 848
16 4 5 260 259 297 303 805 300 849
17 19 20 5 4 343 302 297 298 850
18 34 35 20 19 374 347 343 344 851
19 49 50 35 34 405 378 374 375 852
20 64 65 50 49 436 409 405 406 853
21 79 80 65 64 467 440 436 437 854
22 94 95 80 79 498 471 467 468 855
23 109 110 95 94 529 502 498 499 856
24 124 125 110 109 560 533 529 530 857
25 139 140 125 124 591 564 560 561 858
26 154 155 140 139 622 595 591 592 859
27 169 170 155 154 653 626 622 623 860
28 184 185 170 169 684 657 653 654 861
29 199 200 185 184 715 688 684 685 862
30 214 215 200 199 746 719 715 716 863
31 243 242 215 214 790 750 746 747 864
32 5 6 261 260 301 306 806 303 865
33 20 21 6 5 346 305 301 302 866
34 35 36 21 20 377 349 346 347 867
35 50 51 36 35 408 380 377 378 868
36 65 66 51 50 439 411 408 409 869
37 80 81 66 65 470 442 439 440 870
38 95 96 81 80 501 473 470 471 871
39 110 111 96 95 532 504 501 502 872
40 125 126 111 110 563 535 532 533 873
41 140 141 126 125 594 566 563 564 874
42 155 156 141 140 625 597 594 595 875
43 170 171 156 155 656 628 625 626 876
44 185 186 171 170 687 659 656 657 877
45 200 201 186 185 718 690 687 688 878
46 215 216 201 200 749 721 718 719 879
47 242 241 216 215 789 752 749 750 880
48 6 7 262 261 304 309 807 306 881
49 21 22 7 6 348 308 304 305 882
50 36 37 22 21 379 351 348 349 883
51 51 52 37 36 410 382 379 380 884
52 66 67 52 51 441 413 410 411 885
53 81 82 67 66 472 444 441 442 886
54 96 97 82 81 503 475 472 473 887
55 111 112 97 96 534 506 503 504 888
56 126 127 112 111 565 537 534 535 889
57 141 142 127 126 596 568 565 566 890
58 156 157 142 141 627 599 596 597 891
59 171 172 157 156 658 630 627 628 892
60 186 187 172 171 689 661 658 659 893
61 201 202 187 186 720 692 689 690 894
62 216 217 202 201 751 723 720 721 895
63 241 240 217 216 788 754 751 752 896
64 7 8 263 262 307 312 808 309 897
65 22 23 8 7 350 311 307 308 898
66 37 38 23 22 381 353 350 351 899
67 52 53 38 37 412 384 381 382 900
68 67 68 53 52 443 415 412 413 901
69 82 83 68 67 474 446 443 444 902
70 97 98 83 82 505 477 474 475 903
71 112 113 98 97 536 508 505 506 904
72 127 128 113 112 567 539 536 537 905
73 142 143 128 127 598 570 567 568 906
74 157 158 143 142 629 601 598 599 907
75 172 173 158 157 660 632 629 630 908
76 187 188 173 172 691 663 660 661 909
77 202 203 188 187 722 694 691 692 910
78 217 218 203 202 753 725 722 723 911
79 240 239 218 217 787 756 753 754 912
80 8 9 264 263 310 315 809 312 913
81 23 24 9 8 352 314 310 311 914
82 38 39 24 23 383 355 352 353 915
83 53 54 39 38 414 386 383 384 916
84 68 69 54 53 445 417 414 415 917
85 83 84 69 68 476 448 445 446 918
86 98 99 84 83 507 479 476 477 919
87 113 114 99 98 538 510 507 508 920
88 128 129 114 113 569 541 538 539 921
89 143 144 129 128 600 572 569 570 922
90 158 159 144 143 631 603 600 601 923
91 173 174 159 158 662 634 631 632 924
92 188 189 174 173 693 665 662 663 925
93 203 204 189 188 724 696 693 694 926
94 218 219 204 203 755 727 724 725 927
95 239 238 219 218 786 758 755 756 928
96 9 10 265 264 313 318 810 315 929
97 24 25 10 9 354 317 313 314 930
98 39 40 25 24 385 357 354 355 931
99 54 55 40 39 416 388 385 386 932
100 69 70 55 54 447 419 416 417 933
101 84 85 70 69 478 450 447 448 934
102 99 100 85 84 509 481 478 479 935
103 114 115 100 99 540 512 509 510 936
104 129 130 115 114 571 543 540 541 937
105 144 145 130 129 602 574 571 572 938
106 159 160 145 144 633 605 602 603 939
107 174 175 160 159 664 636 633 634 940
108 189 190 175 174 695 667 664 665 941
109 204 205 190 189 726 698 695 696 942
110 219 220 205 204 757 729 726 727 943
111 238 237 220 219 785 760 757 758 944
112 10 11 266 265 316 321 811 318 945
113 25 26 11 10 356 320 316 317 946
114 40 41 26 25 387 359 356 357 947
115 55 56 41 40 418 390 387 388 948
116 70 71 56 55 449 421 418 419 949
117 85 86 71 70 480 452 449 450 950
118 100 101 86 85 511 483 480 481 951
119 115 116 101 100 542 514 511 512 952
120 130 131 116 115 573 545 542 543 953
121 145 146 131 130 604 576 573 574 954
122 160 161 146 145 635 607 604 605 955
123 175 176 161 160 666 638 635 636 956
124 190 191 176 175 697 669 666 667 957
125 205 206 191 190 728 700 697 698 958
126 220 221 206 205 759 731 728 729 959
127 237 236 221 220 784 762 759 760 960
128 11 12 267 266 319 324 812 321 961
129 26 27 12 11 358 323 319 320 962
130 41 42 27 26 389 361 358 359 963
131 56 57 42 41 420 392 389 390 964
132 71 72 57 56 451 423 420 421 965
133 86 87 72 71 482 454 451 452 966
134 101 102 87 86 513 485 482 483 967
135 116 117 102 101 544 516 513 514 968
136 131 132 117 116 575 547 544 545 969
137 146 147 132 131 606 578 575 576 970
138 161 162 147 146 637 609 606 607 971
139 176 177 162 161 668 640 637 638 972
140 191 192 177 176 699 671 668 669 973
141 206 207 192 191 730 702 699 700 974
142 221 222 207 206 761 733 730 731 975
143 236 235 222 221 783 764 761 762 976
144 12 13 268 267 322 327 813 324 977
145 27 28 13 12 360 326 322 323 978
146 42 43 28 27 391 363 360 361 979
147 57 58 43 42 422 394 391 392 980
148 72 73 58 57 453 425 422 423 981
149 87 88 73 72 484 456 453 454 982
150 102 103 88 87 515 487 484 485 983
151 117 118 103 102 546 518 515 516 984
152 132 133 118 117 577 549 546 547 985
153 147 148 133 132 608 580 577 578 986
154 162 163 148 147 639 611 608 609 987
155 177 178 163 162 670 642 639 640 988
156 192 193 178 177 701 673 670 671 989
157 207 208 193 192 732 704 701 702 990
158 222 223 208 207 763 735 732 733 991
159 235 234 223 222 782 766 763 764 992
160 13 14 269 268 325 330 814 327 993
161 28 29 14 13 362 329 325 326 994
162 43 44 29 28 393 365 362 363 995
163 58 59 44 43 424 396 393 394 996
164 73 74 59 58 455 427 424 425 997
165 88 89 74 73 486 458 455 456 998
166 103 104 89 88 517 489 486 487 999
167 118 119 104 103 548 520 517 518 1000
168 133 134 119 118 579 551 548 549 1001
169 148 149 134 133 610 582 579 580 1002
170 163 164 149 148 641 613 610 611 1003
171 178 179 164 163 672 644 641 642 1004
172 193 194 179 178 703 675 672 673 1005
173 208 209 194 193 734 706 703 704 1006
174 223 224 209 208 765 737 734 735 1007
175 234 233 224 223 781 768 765 766 1008
176 14 15 270 269 328 333 815 330 1009
177 29 30 15 14 364 332 328 329 1010
178 44 45 30 29 395 367 364 365 1011
179 59 60 45 44 426 398 395 396 1012
180 74 75 60 59 457 429 426 427 1013
181 89 90 75 74 488 460 457 458 1014
182 104 105 90 89 519 491 488 489 1015
183 119 120 105 104 550 522 519 520 1016
184 134 135 120 119 581 553 550 551 1017
185 149 150 135 134 612 584 581 582 1018
186 164 165 150 149 643 615 612 613 1019
187 179 180 165 164 674 646 643 644 1020
188 194 195 180 179 705 677 674 675 1021
189 209 210 195 194 736 708 705 706 1022
190 224 225 210 209 767 739 736 737 1023
191 233 232 225 224 780 770 767 768 1024
192 15 16 271 270 331 336 816 333 1025
193 30 31 16 15 366 335 331 332 1026
194 45 46 31 30 397 369 366 367 1027
195 60 61 46 45 428 400 397 398 1028
196 75 76 61 60 459 431 428 429 1029
197 90 91 76 75 490 462 459 460 1030
198 105 106 91 90 521 493 490 491 1031
199 120 121 106 105 552 524 521 522 1032
200 135 136 121 120 583 555 552 553 1033
201 150 151 136 135 614 586 583 584 1034
202 165 166 151 150 645 617 614 615 1035
203 180 181 166 165 676 648 645 646 1036
204 195 196 181 180 707 679 676 677 1037
205 210 211 196 195 738 710 707 708 1038
206 225 226 211 210 769 741 738 739 1039
207 232 231 226 225 779 772 769 770 1040
208 16 17 272 271 334 339 817 336 1041
209 31 32 17 16 368 338 334 335 1042
210 46 47 32 31 399 371 368 369 1043
211 61 62 47 46 430 402 399 400 1044
212 76 77 62 61 461 433 430 431 1045
213 91 92 77 76 492 464 461 462 1046
214 106 107 92 91 523 495 492 493 1047
215 121 122 107 106 554 526 523 524 1048
216 136 137 122 121 585 557 554 555 1049
217 151 152 137 136 616 588 585 586 1050
218 166 167 152 151 647 619 616 617 1051
219 181 182 167 166 678 650 647 648 1052
220 196 197 182 181 709 681 678 679 1053
221 211 212 197 196 740 712 709 710 1054
222 226 227 212 211 771 743 740 741 1055
223 231 230 227 226 778 774 771 772 1056
224 17 18 273 272 337 341 818 339 1057
225 32 33 18 17 370 340 337 338 1058
226 47 48 33 32 401 372 370 371 1059
227 62 63 48 47 432 403 401 402 1060
228 77 78 63 62 463 434 432 433 1061
229 92 93 78 77 494 465 463 464 1062
230 107 108 93 92 525 496 494 495 1063
231 122 123 108 107 556 527 525 526 1064
232 137 138 123 122 587 558 556 557 1065
233 152 153 138 137 618 589 587 588 1066
234 167 168 153 152 649 620 618 619 1067
235 182 183 168 167 680 651 649 650 1068
236 197 198 183 182 711 682 680 681 1069
237 212 213 198 197 742 713 711 712 1070
238 227 228 213 212 773 744 742 743 1071
239 230 229 228 227 777 775 773 774 1072
240 18 274 0 273 342 290 289 341 1073
241 33 275 274 18 373 819 342 340 1074
242 48 276 275 33 404 820 373 372 1075
243 63 277 276 48 435 821 404 403 1076
244 78 278 277 63 466 822 435 434 1077
245 93 279 278 78 497 823 466 465 1078
246 108 280 279 93 528 824 497 496 1079
247 123 281 280 108 559 825 528 527 1080
248 138 282 281 123 590 826 559 558 1081
249 153 283 282 138 621 827 590 589 1082
250 168 284 283 153 652 828 621 620 1083
251 183 285 284 168 683 829 652 651 1084
252 198 286 285 183 714 830 683 682 1085
253 213 287 286 198 745 831 714 713 1086
254 228 288 287 213 776 832 745 744 1087
255 229 1 288 228 291 292 776 775 1088

# displacement boundaries
DISPLACEMENT_BOUNDARY_LEFT
15 3 243 295
31 243 242 790
47 242 241 789
63 241 240 788
79 240 239 787
95 239 238 786
111 238 237 785
127 237 236 784
143 236 235 783
159 235 234 782
175 234 233 781
191 233 232 780
207 232 231 779
223 231 230 778
239 230 229 777
255 229 1 291

DISPLACEMENT_BOUNDARY_RIGHT
0 259 2 294
16 260 259 805
32 261 260 806
48 262 261 807
64 263 262 808
80 264 263 809
96 265 264 810
112 266 265 811
128 267 266 812
144 268 267 813
160 269 268 814
176 270 269 815
192 271 270 816
208 272 271 817
224 273 272 818
240 0 273 289

